19

5
2 3
2 4
4 2
2 1
-1 0

10
4 0
7 8
5 9
2 3
7 2
9 7
0 4
-1 5
7 6
0 1

15
10 1
5 11
13 10
-1 4
7 2
4 14
4 9
3 8
3 0
4 6
5 5
5 13
0 12
6 7
13 3

543
497 294
538 95
284 249
528 39
161 239
278 248
332 297
364 208
531 48
185 330
62 19
98 186
364 84
42 162
532 444
115 300
98 136
122 298
458 360
530 104
174 339
72 171
156 481
102 112
29 326
413 490
59 467
136 375
464 382
82 33
497 233
42 201
2 306
225 532
406 37
509 463
136 175
301 121
153 443
230 205
277 94
350 408
361 100
0 370
390 381
34 46
94 254
146 272
514 354
369 97
53 542
71 93
210 449
360 74
512 210
288 60
401 77
504 485
319 276
62 59
218 275
313 106
531 12
203 284
27 423
246 420
174 185
333 166
414 429
489 13
308 133
230 76
10 78
271 472
218 180
510 28
294 251
252 58
29 41
15 338
346 57
509 441
201 29
17 536
91 512
80 361
69 119
435 115
406 450
532 125
489 478
15 492
165 527
381 301
516 149
199 295
432 332
361 137
307 126
140 541
212 447
257 517
69 87
361 509
509 92
30 452
426 280
124 413
535 411
288 150
116 246
425 218
145 446
138 393
171 470
110 274
135 241
192 225
452 308
428 430
326 109
14 531
531 24
16 148
155 351
425 170
369 52
265 177
262 493
331 206
136 318
82 407
225 322
70 151
161 469
61 221
362 127
275 388
497 355
342 373
174 405
129 369
313 69
261 3
450 138
144 160
349 250
265 315
168 219
94 321
431 506
471 367
200 380
460 387
268 144
339 240
423 374
137 519
81 460
3 458
200 226
56 98
60 384
288 147
142 244
195 428
213 182
378 503
439 71
144 165
126 65
44 464
511 461
449 507
170 167
521 483
169 392
125 345
117 237
540 139
439 227
363 451
531 199
270 389
369 82
265 243
473 396
510 195
123 192
374 362
59 214
78 96
495 159
424 372
73 538
201 35
190 235
338 328
373 263
389 288
360 216
288 23
458 73
37 277
203 290
222 307
503 456
331 5
416 56
94 337
37 431
507 110
492 383
450 155
405 488
287 502
472 108
509 42
331 31
509 22
507 40
419 349
142 75
257 329
199 404
168 188
193 391
74 426
325 264
135 311
531 66
49 424
161 495
538 178
36 222
271 190
170 266
70 174
49 203
449 376
362 135
507 518
97 181
222 352
137 516
188 291
287 172
55 386
360 365
169 270
399 534
490 296
69 18
32 356
109 198
98 310
145 395
373 292
52 496
38 504
228 466
331 1
304 217
87 335
292 268
143 9
126 223
395 255
460 129
95 510
196 312
45 187
371 480
196 412
29 473
501 130
233 474
496 83
482 80
89 414
362 457
538 191
509 111
10 359
351 245
47 462
55 253
388 153
62 20
184 101
346 173
135 285
450 157
72 259
458 86
511 394
428 197
516 51
528 252
257 401
374 342
278 89
430 434
28 417
202 88
94 529
365 475
126 53
482 91
467 55
144 390
264 293
2 287
29 62
12 445
373 220
439 267
32 521
30 257
161 261
361 262
124 468
487 427
82 234
61 363
464 123
277 99
23 525
79 539
292 331
315 260
-1 0
416 131
143 10
513 499
286 508
418 368
62 215
8 67
393 196
507 403
326 229
1 143
439 317
23 211
326 281
458 30
69 533
495 90
535 202
36 377
77 242
279 494
540 489
364 416
346 523
43 482
69 169
238 422
119 436
252 21
516 44
3 124
423 316
219 61
77 439
288 320
441 303
86 379
62 15
290 333
439 455
190 418
297 142
202 176
495 409
8 398
497 179
326 341
45 269
103 535
510 79
81 442
313 140
435 161
528 520
247 540
492 305
309 145
482 207
62 327
32 522
70 397
460 184
278 471
297 103
519 513
187 319
329 400
56 459
361 273
331 45
307 168
144 366
196 402
489 432
331 11
383 278
277 501
531 134
32 438
402 433
170 102
252 484
449 325
191 164
288 38
266 477
528 47
472 116
110 498
195 353
297 415
182 247
290 256
34 68
51 117
35 505
288 63
522 514
278 154
18 435
290 258
72 183
366 486
10 49
164 465
385 524
45 238
207 70
509 346
373 200
507 146
521 511
74 421
326 313
152 453
219 347
56 193
504 309
472 105
297 212
195 43
492 497
419 344
282 515
86 156
72 304
261 16
37 265
530 50
34 385
509 128
34 163
82 114
460 64
268 334
497 17
62 343
531 526
172 476
31 340
265 54
62 279
71 302
537 378
95 448
47 324
94 479
395 120
199 350
311 454
406 27
89 530
535 336
493 491
191 425
29 314
160 410
261 2
412 122
365 528
369 141
235 236
512 230
531 81
10 25
261 8
450 500
147 348
163 371
277 85
40 152
458 231
125 204
308 299
183 537
346 36
450 286
331 4
143 7
40 228
109 158
142 282
161 224
130 358
62 34
313 132
357 194
125 283
66 487
257 440
37 399
337 323
230 209
271 271
296 406
331 189
207 32
80 364
207 14
261 6
104 113
384 289
279 419
222 118
213 213
288 26
29 72
452 232
62 107
525 437
454 357

260
129 173
26 190
184 2
208 144
217 197
45 164
60 3
207 38
199 193
127 87
244 85
77 65
163 119
224 123
8 161
169 33
82 171
207 125
32 256
208 131
30 69
140 96
73 130
224 145
27 140
223 174
144 238
179 179
194 129
205 151
59 199
173 74
141 80
199 136
168 252
63 54
127 221
59 10
120 6
223 218
107 48
180 46
24 116
77 7
30 27
244 191
107 158
186 247
166 169
156 26
246 51
162 146
230 79
80 43
137 31
253 170
44 73
20 186
100 61
178 192
141 202
24 226
184 206
69 89
199 198
21 99
248 53
198 39
70 88
259 29
207 223
80 175
2 185
172 211
25 184
23 159
90 81
207 84
235 9
8 245
184 42
130 246
175 154
3 78
67 212
158 121
13 82
69 208
167 150
111 227
141 215
218 195
59 204
136 59
180 196
55 126
223 237
153 72
7 68
52 8
251 176
197 172
82 114
118 58
49 148
167 67
110 105
155 32
120 187
178 45
156 25
219 242
92 4
87 106
53 235
173 217
54 124
207 102
186 77
137 141
203 107
53 112
115 231
2 118
7 249
192 188
213 14
188 207
198 23
170 234
21 213
25 222
60 35
42 28
84 155
52 156
221 216
205 52
50 177
19 167
137 49
224 5
164 104
163 243
179 255
80 120
134 62
231 24
248 64
44 66
92 16
7 71
134 220
9 257
158 34
199 157
179 210
29 203
199 98
46 1
16 117
80 153
144 115
199 248
136 37
129 168
184 101
27 110
137 163
163 236
157 139
232 70
239 178
68 44
158 57
199 76
202 214
196 108
199 122
225 55
63 258
119 143
246 244
153 205
211 19
129 160
208 109
188 30
92 142
221 229
162 128
76 91
160 253
52 152
19 13
141 103
173 95
12 17
155 180
-1 47
20 90
13 233
23 36
141 113
35 20
211 232
0 228
59 12
167 147
208 138
7 60
225 41
219 165
7 251
134 254
242 94
40 240
8 56
147 134
258 241
209 224
178 162
157 137
144 201
175 230
253 183
214 97
176 11
107 225
161 181
199 93
225 75
157 219
204 133
67 50
156 92
173 111
166 100
0 149
197 189
16 259
232 15
207 182
12 40
246 194
41 209
234 18
158 239
70 132
20 135
144 0
232 21
86 83
199 250
78 200
30 127
208 63
106 86
7 22
256 166

239
86 150
122 10
37 224
90 230
156 145
181 152
44 201
54 52
156 164
86 53
86 144
178 71
91 62
7 98
31 222
155 81
60 238
144 48
162 40
189 28
142 109
148 134
89 226
-1 163
179 59
0 38
41 170
68 172
111 31
162 136
18 198
56 49
201 220
112 177
74 122
77 42
225 0
106 29
112 3
177 180
109 16
227 76
167 176
157 187
192 231
24 103
178 61
67 196
111 125
215 7
89 74
233 45
111 236
132 97
74 73
34 47
232 36
90 227
90 214
7 233
162 113
106 182
155 207
109 183
98 115
53 91
197 186
1 131
46 195
39 77
86 124
32 32
149 39
195 78
58 96
60 205
176 211
162 193
7 60
149 213
30 56
68 219
27 11
139 126
209 203
179 72
118 158
151 12
162 235
125 192
23 18
216 171
84 232
226 156
60 166
39 204
30 149
17 157
208 105
77 106
149 206
90 54
154 140
179 30
68 209
154 92
155 146
104 107
211 228
119 112
155 215
23 178
158 197
46 5
50 199
227 37
112 161
129 200
23 188
3 44
118 95
74 6
23 212
136 237
168 185
154 194
145 63
159 129
141 100
101 14
230 99
237 189
48 127
188 138
90 24
178 23
38 191
136 119
86 184
129 50
194 84
160 130
129 65
167 210
177 26
110 135
133 87
139 9
211 234
182 27
90 139
126 225
58 79
30 147
52 168
192 51
211 208
1 162
24 19
155 116
116 143
18 167
111 70
130 89
166 223
47 165
215 111
24 229
159 153
44 35
101 75
0 90
190 43
166 80
30 155
156 21
86 173
58 94
23 69
178 102
83 151
171 58
145 88
195 41
42 154
85 110
226 218
175 68
86 118
111 64
109 15
156 121
134 34
11 221
41 85
190 174
5 181
28 159
178 20
98 104
86 46
119 142
175 101
211 117
159 25
125 4
38 133
196 132
178 217
74 33
177 8
90 160
222 137
47 13
60 148
37 1
134 17
145 123
192 66
19 57
211 86
168 82
23 179
227 114
52 120
102 190
129 83
86 93
158 55
232 169
46 128
221 67
211 202
89 175
3 141
188 216
33 2
125 108
235 22

848
411 798
321 819
760 762
53 434
81 533
354 240
442 278
325 683
259 56
797 253
689 541
29 704
555 618
229 93
560 59
653 311
292 547
93 200
641 277
207 727
675 565
420 272
7 820
277 777
413 531
522 425
503 826
649 441
78 563
613 171
550 32
272 522
600 301
222 710
781 764
236 288
186 442
660 770
349 73
587 756
230 482
467 581
737 217
547 555
115 204
469 48
567 568
767 4
117 786
106 797
134 444
324 138
815 799
75 833
834 663
102 558
418 715
113 260
395 753
842 492
376 377
510 110
580 268
347 384
120 626
168 700
384 226
304 74
648 347
632 154
397 596
322 627
452 812
470 150
742 327
594 438
499 18
833 477
765 676
241 16
650 564
644 232
98 800
570 341
533 760
385 679
453 10
556 735
583 224
713 505
799 651
786 399
500 787
6 90
773 83
677 119
661 281
143 37
745 703
446 409
306 672
427 658
447 118
153 233
489 528
712 705
360 747
845 486
538 829
188 227
629 427
659 208
769 738
723 746
139 86
736 815
414 21
740 831
348 380
818 11
146 506
44 152
559 717
333 668
313 824
758 175
212 264
628 333
190 446
507 180
416 604
415 241
172 184
110 449
551 62
610 793
127 572
662 742
548 785
586 355
343 237
372 817
135 266
185 351
534 654
544 420
0 750
205 657
480 304
47 330
535 12
624 135
754 754
839 500
71 759
58 576
104 684
368 181
616 669
1 314
756 88
511 369
491 471
50 697
105 605
647 790
609 177
536 629
266 566
327 283
840 176
191 825
779 788
15 140
630 68
498 79
264 300
109 387
502 248
251 363
468 582
673 34
341 395
278 608
820 493
67 257
184 185
601 166
2 470
656 334
591 194
706 526
516 435
645 256
812 731
294 70
177 116
387 530
678 64
805 320
803 261
366 269
274 313
316 459
300 737
132 616
464 646
700 479
271 594
66 173
800 60
755 292
363 408
342 720
476 222
456 25
330 214
794 476
494 117
310 84
672 813
339 316
838 666
364 508
441 639
685 511
359 745
200 319
86 8
307 302
557 350
759 105
434 342
564 211
581 348
288 203
622 349
164 220
667 578
539 85
97 239
654 487
443 598
693 590
357 810
766 437
23 107
154 766
409 847
421 514
776 147
819 841
82 525
334 172
454 87
639 405
88 556
801 215
762 540
16 219
21 282
545 390
461 111
365 216
303 360
295 78
63 109
569 523
405 97
423 417
775 567
512 649
578 718
137 123
148 205
490 91
425 285
369 47
841 521
157 685
816 660
599 289
219 155
532 153
549 781
710 609
584 440
718 818
486 297
91 694
68 447
279 393
352 783
808 299
121 196
246 156
802 383
216 615
652 247
220 519
730 538
52 814
240 454
144 458
114 231
199 721
25 839
462 102
256 725
280 837
711 630
435 689
26 287
829 98
691 532
826 591
171 126
12 429
831 242
440 418
827 346
665 379
270 723
501 402
431 128
568 828
170 294
393 791
180 560
281 830
247 832
408 580
302 834
761 844
244 463
136 509
432 164
514 542
54 836
618 307
783 562
528 414
396 647
575 636
521 765
386 19
290 621
95 827
87 251
579 681
160 551
165 133
445 218
346 364
493 49
379 75
474 577
243 758
696 431
179 548
43 6
746 455
273 24
314 708
62 415
488 637
642 238
705 534
11 490
217 212
481 382
391 583
147 321
19 139
285 713
748 392
65 823
344 489
371 306
36 755
350 254
777 80
126 701
173 2
577 23
196 424
429 362
795 656
708 106
24 451
764 293
552 686
497 33
664 27
655 157
72 843
542 794
149 603
125 497
232 732
716 303
49 323
116 665
181 213
671 46
621 145
813 209
640 709
329 52
13 15
218 124
729 149
85 259
663 357
734 711
804 779
526 9
388 114
150 273
17 838
458 26
719 63
450 108
595 343
785 579
523 207
262 771
701 141
515 195
505 778
255 41
847 554
475 243
688 96
430 545
197 734
633 66
750 371
275 485
778 496
265 388
101 840
695 72
524 640
209 55
202 228
412 249
792 170
433 158
459 54
477 428
465 539
530 121
111 412
5 234
56 443
417 143
398 394
582 518
643 5
735 744
690 378
32 163
495 375
128 513
637 400
563 780
175 265
237 151
809 191
483 634
605 422
686 410
286 467
844 846
739 22
631 801
340 692
235 529
657 40
99 104
561 507
606 698
612 134
332 339
790 45
112 695
770 131
614 71
793 792
107 338
487 585
598 250
619 160
323 613
156 374
377 450
471 236
666 202
192 504
318 39
233 142
89 244
751 309
39 573
806 552
394 677
722 619
319 767
406 716
375 322
355 733
684 246
84 367
155 821
22 495
390 543
254 42
509 674
407 622
810 376
167 599
444 1
298 691
588 675
463 148
410 359
69 275
625 137
358 516
399 466
492 197
201 652
604 53
76 57
782 365
10 262
541 381
203 557
263 179
338 132
129 480
692 673
473 816
752 688
64 472
846 115
362 337
335 659
231 178
189 740
466 491
796 401
92 537
727 445
744 51
484 92
726 483
615 230
506 411
674 112
780 535
326 549
768 584
367 94
623 680
558 372
525 280
658 276
482 802
593 192
227 460
743 61
42 416
31 722
30 406
242 305
140 100
287 144
457 714
436 593
77 77
223 462
351 190
400 352
725 30
837 168
668 805
133 544
57 373
41 89
161 391
843 317
61 811
59 587
679 386
646 413
478 36
70 221
269 494
119 473
753 210
234 772
634 29
103 332
732 187
83 606
311 752
772 769
651 182
607 498
817 31
426 589
617 38
824 436
422 318
698 687
573 623
210 614
183 122
608 328
597 270
714 433
592 146
451 169
159 65
370 404
152 478
331 503
204 546
540 712
195 325
830 643
763 432
749 795
253 252
305 353
771 67
513 165
724 189
472 524
811 664
100 488
520 312
683 748
336 653
485 775
282 696
96 356
571 611
638 368
574 749
404 617
215 527
620 389
162 35
284 693
680 421
297 574
553 625
20 199
245 284
4 397
361 366
193 161
741 103
694 835
438 481
562 678
130 298
402 774
728 628
258 229
260 296
142 520
38 295
687 612
249 235
14 512
18 430
733 136
821 423
291 335
814 595
9 642
345 586
80 50
731 267
703 361
627 174
529 129
738 385
301 726
74 465
836 536
439 699
94 17
702 3
791 517
122 448
276 845
90 682
141 550
682 724
356 439
176 336
174 28
48 464
504 741
182 635
163 81
704 641
576 730
389 453
261 20
268 403
787 571
517 553
320 690
373 761
46 559
832 645
460 648
221 706
537 398
145 789
296 127
721 736
419 600
283 808
626 602
208 456
428 768
248 82
312 644
828 807
187 631
166 484
590 803
392 44
309 206
353 344
33 662
496 426
381 707
449 804
239 407
572 101
60 162
823 120
317 245
118 255
40 99
566 331
151 419
546 326
289 354
784 193
554 188
328 739
123 782
27 743
79 396
211 469
519 661
715 223
178 650
508 340
267 474
774 561
8 729
257 655
51 452
747 183
228 809
798 310
448 620
707 7
788 757
518 806
194 274
55 315
709 291
315 457
382 468
108 570
720 125
825 822
73 588
378 95
238 638
293 186
807 719
214 14
131 575
337 592
697 607
380 501
757 842
699 0
34 130
124 601
603 510
455 667
437 515
252 58
636 773
543 279
169 263
596 475
198 43
479 796
401 502
3 624
531 324
611 13
589 258
403 358
45 167
789 784
158 308
225 751
835 345
565 271
676 461
224 671
250 632
383 610
299 159
138 225
-1 370
822 499
681 290
308 728
527 286
37 198
717 113
424 776
670 69
602 597
635 763
226 670
28 633
206 201
213 702
35 569
374 329
669 76

109
3 55
57 77
84 5
72 4
47 25
42 1
29 74
64 13
10 0
101 81
88 21
96 50
87 37
66 103
50 7
60 48
47 31
106 104
72 70
78 51
50 16
25 88
77 78
76 14
30 79
67 24
44 86
84 22
38 80
72 87
20 59
107 95
50 36
72 72
49 76
73 41
84 9
8 8
66 82
62 20
8 75
39 2
39 28
99 52
3 53
56 97
31 61
63 33
95 58
3 92
72 99
59 100
87 83
16 40
39 35
12 66
47 69
46 42
36 63
38 27
50 62
83 39
67 84
67 19
87 47
88 26
72 30
-1 38
50 57
58 23
42 68
25 85
67 91
63 34
25 98
67 71
46 6
67 67
24 107
57 17
73 65
68 60
10 54
88 46
68 96
4 15
27 10
63 11
64 12
36 89
29 94
77 45
94 56
1 90
63 29
27 18
31 101
64 44
17 105
64 102
96 64
70 3
96 73
72 43
51 106
12 49
103 93
47 32
47 108

555
486 354
373 68
21 366
60 518
103 361
374 276
552 529
336 188
67 95
355 328
140 540
319 507
71 331
327 408
491 371
464 11
530 454
333 401
400 270
474 75
429 131
219 471
96 267
307 353
518 355
172 248
176 450
146 348
295 197
374 436
446 512
330 323
187 458
306 326
300 0
352 61
224 194
75 205
117 83
433 73
16 187
481 318
208 22
526 278
518 217
240 506
515 292
8 41
392 79
121 144
248 121
513 4
297 204
306 264
344 47
142 283
296 54
410 418
380 12
142 23
18 349
192 53
307 346
447 312
105 389
331 255
380 491
238 80
502 484
216 274
328 410
120 171
405 306
413 219
377 372
435 209
510 253
371 347
245 113
54 340
438 10
16 517
62 284
188 319
358 551
272 97
159 139
345 108
400 542
415 487
273 46
403 63
462 100
347 238
284 482
316 20
486 7
382 104
308 84
189 541
507 317
465 415
15 468
307 153
218 407
473 189
543 332
141 358
131 513
259 423
25 179
530 240
162 44
550 221
425 55
450 435
515 228
318 72
497 502
347 445
223 395
383 170
536 224
240 226
300 534
468 8
81 146
464 281
270 341
462 460
4 493
417 64
552 474
374 149
1 447
491 265
185 263
238 481
142 178
363 486
270 87
226 398
486 385
360 24
477 431
142 391
373 393
508 342
314 99
110 419
96 289
459 192
505 155
284 511
515 313
0 531
308 271
303 301
3 373
335 369
101 67
13 280
120 31
241 90
352 525
540 141
111 399
232 252
336 147
519 316
503 124
165 243
294 456
203 452
530 443
358 384
185 236
115 394
523 201
390 425
531 333
227 496
219 9
270 156
88 339
451 515
486 214
219 368
294 537
501 409
312 117
433 426
521 442
409 446
117 71
108 432
348 25
462 246
308 362
198 428
152 103
96 528
21 380
373 472
135 16
187 413
175 526
253 295
373 256
328 128
70 34
278 237
79 477
271 478
407 465
327 136
250 378
202 509
413 387
146 50
480 327
245 290
500 325
325 364
57 310
525 69
70 459
27 59
303 411
524 463
27 296
54 13
468 198
15 467
365 35
262 230
449 245
306 157
210 304
13 159
515 329
183 180
239 536
481 488
131 3
473 130
432 469
464 334
138 45
128 196
500 173
429 510
44 524
177 51
182 207
417 158
61 351
21 470
468 66
407 151
295 81
41 448
254 311
318 234
435 193
148 118
510 105
233 414
549 375
1 251
218 527
70 161
239 233
516 422
279 417
60 38
321 439
70 190
113 26
422 260
497 112
437 258
121 93
307 501
373 282
334 503
203 85
248 386
185 359
142 96
364 382
96 538
536 357
376 530
530 222
41 549
408 400
75 21
239 57
358 546
129 466
463 202
509 76
344 140
303 420
182 92
486 307
194 101
27 186
46 338
43 294
71 275
212 148
409 166
431 285
344 427
318 229
542 403
325 392
27 293
473 475
165 65
441 412
517 291
138 322
146 162
379 321
127 143
471 376
194 135
486 550
56 102
525 261
548 345
544 438
462 514
218 203
408 2
21 142
172 247
280 548
495 175
187 213
191 379
449 33
27 15
197 462
111 154
450 499
318 272
344 330
450 184
157 552
325 350
116 273
146 300
59 483
83 416
167 406
324 522
473 490
241 497
273 309
334 404
44 211
4 138
98 235
140 123
129 163
417 298
153 543
22 42
94 70
-1 58
117 508
505 78
128 152
111 122
254 176
173 504
521 19
219 324
318 444
106 421
117 232
394 111
230 126
228 287
264 133
280 89
521 521
553 344
188 356
441 39
25 150
142 36
489 37
52 535
431 116
368 259
270 249
375 239
296 191
454 299
134 430
272 110
548 225
374 492
355 212
259 519
138 40
264 206
525 48
318 127
133 43
103 381
173 210
408 94
324 424
148 6
44 337
92 297
383 82
294 107
450 286
197 268
235 106
72 86
543 177
548 440
214 52
525 195
546 365
79 539
427 49
230 473
189 56
61 114
16 498
407 242
223 453
548 125
182 303
94 457
279 433
251 455
303 241
1 208
265 479
373 250
155 269
239 62
218 181
318 516
453 109
142 388
370 305
84 480
42 160
337 476
327 262
497 336
355 451
79 27
468 91
468 98
320 257
227 279
27 396
204 520
425 119
413 402
173 132
188 145
156 523
308 288
490 30
232 182
118 183
303 1
355 544
25 266
146 5
116 215
501 464
551 335
208 18
128 377
2 374
65 343
146 218
254 172
129 14
22 169
394 74
530 200
447 545
368 168
75 352
454 308
505 115
344 137
46 397
142 29
484 129
336 383
317 88
450 461
335 485
361 223
495 441
289 164
486 302
372 449
17 277
355 320
284 360
542 370
1 363
503 547
482 231
355 32
308 165
106 60
67 533
25 220
525 429
471 494
71 17
385 167
27 532
414 500
220 367
512 244
497 505
58 227
0 495
530 120
133 314
290 434
449 77
13 315
95 489
88 28
318 216
119 174
525 134
264 553
240 254
168 199
40 405
546 437
436 554
183 185
254 390

68
56 16
67 51
41 61
16 43
57 21
55 22
23 31
6 58
51 35
67 2
43 56
39 19
26 3
24 8
67 50
66 66
55 45
5 38
0 7
36 46
66 9
12 62
58 11
58 10
67 29
5 6
63 30
66 48
11 41
12 60
43 18
63 63
63 33
28 13
31 37
41 54
55 52
26 12
52 26
26 28
19 15
29 64
37 59
48 20
29 55
66 67
22 25
16 34
66 24
66 57
16 40
63 23
12 1
56 4
11 17
37 53
55 42
60 44
21 49
17 5
37 39
1 32
65 36
-1 65
54 27
34 0
38 14
12 47

859
89 41
472 81
351 643
222 738
755 442
581 203
386 215
533 364
4 424
823 732
180 293
427 759
193 348
685 647
686 696
176 798
338 102
516 843
813 535
245 729
257 104
695 10
690 483
606 516
181 444
241 600
22 15
105 340
45 787
476 665
576 807
465 525
39 349
324 396
539 548
389 540
774 28
205 417
421 733
206 75
551 584
349 796
397 217
779 384
721 430
185 95
488 752
199 620
626 84
490 180
499 786
718 398
728 236
572 456
197 438
17 209
579 17
131 171
673 190
171 184
574 743
464 640
116 413
104 622
388 397
19 295
744 476
260 127
198 679
380 669
443 311
806 259
234 64
618 785
766 695
331 519
382 359
85 817
262 401
217 49
394 51
135 27
420 407
359 480
253 602
702 148
492 298
392 627
224 553
237 835
72 715
280 555
301 746
600 847
304 62
784 414
312 323
373 811
607 421
342 418
393 63
798 19
855 638
659 709
520 219
172 178
336 559
502 556
546 423
560 723
510 826
192 851
167 16
781 527
846 334
161 666
117 576
783 303
418 658
594 713
559 130
57 474
816 232
160 819
767 461
317 101
822 115
482 218
518 321
18 319
808 393
37 200
149 684
713 566
3 521
159 251
141 114
6 690
452 296
71 192
845 697
208 107
60 651
223 351
805 110
466 603
507 758
455 419
725 361
732 426
509 557
769 214
616 235
439 70
555 86
156 111
73 660
355 634
155 197
292 467
475 558
391 626
252 253
550 354
712 445
493 342
430 475
758 328
790 699
715 96
136 719
575 326
179 119
413 721
824 117
422 485
553 165
664 42
15 621
258 312
210 570
627 306
717 57
128 118
293 616
624 53
697 5
818 604
306 667
207 683
474 7
271 274
93 614
827 775
802 611
761 76
81 629
236 191
124 22
535 143
350 742
591 138
371 366
796 154
164 159
711 735
524 380
602 79
809 730
515 704
132 233
825 672
534 509
287 639
573 189
153 487
143 465
826 633
82 520
777 228
655 145
58 226
339 299
632 362
168 504
196 724
343 162
286 739
416 760
231 698
839 839
261 583
411 43
698 803
648 792
617 140
327 252
435 234
484 734
315 229
596 292
428 593
383 112
26 9
478 390
212 545
479 92
703 24
497 177
133 358
681 383
651 705
337 561
556 492
311 645
481 318
390 243
52 771
671 728
630 271
857 54
83 427
409 13
837 800
605 675
462 21
536 513
640 531
417 188
178 512
504 595
604 524
519 343
739 30
403 246
461 80
267 688
347 199
114 648
78 569
451 74
807 44
608 210
700 300
614 325
166 403
154 790
12 573
362 677
276 52
281 670
215 250
187 725
7 536
209 269
43 788
660 539
771 597
657 824
92 432
765 778
707 680
480 46
126 795
398 285
375 471
232 182
36 571
326 599
447 85
566 277
737 484
514 517
670 408
259 142
726 818
609 831
795 301
552 446
527 172
238 247
663 211
242 511
668 327
228 268
460 646
244 241
272 810
513 580
152 726
778 420
251 267
385 329
56 776
174 770
804 264
291 36
405 72
290 220
469 286
610 6
643 291
74 187
691 797
833 429
538 689
10 266
832 586
633 532
431 789
250 855
346 617
106 543
314 297
836 493
333 160
225 462
548 168
111 654
2 166
13 415
363 529
612 425
353 659
789 25
27 205
145 60
710 175
722 575
103 193
119 756
776 652
532 518
682 103
87 745
792 779
220 93
638 94
227 762
321 387
741 335
644 164
256 608
48 637
586 240
424 347
567 612
429 850
309 141
254 853
543 791
603 833
235 377
815 841
666 78
656 34
23 473
370 230
332 799
521 305
65 317
247 322
305 222
811 714
842 844
489 801
799 829
255 255
248 66
705 77
753 83
320 133
107 276
441 173
433 273
787 207
742 507
736 457
285 834
780 316
477 589
401 856
127 780
785 854
322 744
372 23
561 598
453 686
483 310
150 838
191 294
108 48
821 337
584 849
289 381
113 336
852 506
843 97
793 365
547 14
760 624
661 375
348 777
803 497
530 821
853 131
593 371
850 1
318 99
55 227
568 469
202 804
727 256
98 363
529 360
587 720
177 40
653 315
379 541
635 388
243 753
233 443
189 491
423 261
454 737
229 610
367 370
410 373
157 685
183 304
138 515
125 495
288 345
522 428
598 116
151 437
750 108
175 58
34 568
714 144
14 279
582 498
358 615
95 848
747 333
20 32
733 793
165 552
583 691
53 242
578 50
283 3
59 806
545 546
620 38
505 176
0 73
300 352
80 664
30 125
31 674
706 782
407 170
450 263
100 836
190 123
848 416
734 258
330 33
112 502
139 508
329 722
361 466
66 262
748 435
797 452
426 631
169 167
849 528
61 281
621 538
345 832
446 630
642 82
854 755
678 386
646 486
500 431
88 459
688 179
491 693
211 313
130 395
442 751
437 270
716 623
170 458
134 574
387 379
221 341
216 11
284 440
414 687
440 858
708 451
316 488
641 764
669 161
683 447
829 260
743 195
194 405
599 565
501 741
819 609
701 186
794 554
723 510
763 153
689 206
163 503
549 582
269 275
687 636
144 146
296 692
814 542
729 668
611 302
96 126
33 825
679 765
415 213
188 71
374 533
9 249
512 169
544 374
597 134
44 174
79 453
719 18
751 147
295 105
773 736
498 549
628 711
28 694
696 410
590 468
341 731
449 350
699 113
772 332
340 136
121 412
270 472
486 185
47 635
754 378
844 245
360 830
369 852
42 537
201 2
399 802
29 212
675 662
537 522
680 61
585 544
677 761
838 26
1 564
76 355
496 399
503 523
523 339
558 288
122 45
334 330
840 290
137 124
495 448
757 357
817 594
204 781
458 376
51 585
457 320
226 411
62 682
788 813
636 579
99 499
265 794
540 135
531 284
745 369
50 578
436 216
140 766
676 606
69 158
445 823
740 67
467 460
118 530
613 812
662 90
307 422
541 450
571 650
239 505
49 837
820 120
592 39
275 784
506 163
564 478
75 150
21 37
828 842
101 828
354 35
303 649
459 106
762 248
752 454
542 149
565 681
775 409
328 783
694 773
412 137
299 198
249 479
834 155
46 400
665 29
214 59
724 717
615 701
147 740
264 324
38 489
456 827
647 208
730 628
692 757
366 196
54 87
858 56
120 433
274 572
471 204
768 716
667 436
408 434
-1 385
16 591
650 69
319 128
704 156
298 0
801 718
487 441
652 678
279 257
508 769
448 618
142 181
619 577
32 500
485 346
246 464
308 389
352 642
847 534
402 202
310 644
473 88
746 109
268 562
738 706
684 157
563 8
86 641
400 805
356 98
554 547
102 581
70 231
200 331
278 567
162 613
570 152
158 481
123 47
115 607
182 367
277 237
749 12
569 727
146 224
649 55
24 749
203 663
64 712
364 772
84 845
589 653
770 747
786 372
148 482
830 763
494 394
230 151
378 808
384 439
693 221
77 225
562 283
525 655
601 551
173 710
654 840
368 596
186 822
637 20
645 820
294 496
11 4
110 238
463 344
812 563
764 338
658 282
91 402
595 391
511 560
470 353
588 625
67 592
444 280
376 588
90 750
109 590
282 265
323 700
195 382
577 619
810 514
835 223
377 587
219 846
759 129
129 708
557 703
357 65
184 356
63 183
634 501
526 463
425 490
672 815
432 470
335 287
735 494
218 244
213 768
674 754
273 809
831 406
434 814
639 550
468 278
266 121
791 816
381 605
94 100
297 309
841 139
41 368
344 91
629 308
25 68
625 89
800 857
731 122
240 449
302 661
396 632
709 601
40 272
622 526
756 201
8 676
580 289
365 239
517 392
35 455
313 307
406 404
528 477
623 707
97 767
419 314
395 657
5 702
720 194
631 31
404 656
856 774
68 748
263 671
325 132
438 673
782 254

897
726 446
227 308
631 739
264 428
136 856
868 578
858 787
229 591
316 189
727 869
874 711
108 826
482 67
264 763
153 172
647 253
406 220
894 161
42 862
692 641
71 167
416 322
892 607
62 825
633 587
776 310
96 325
788 811
212 196
589 177
482 457
699 93
590 303
821 474
493 556
667 668
475 385
353 434
225 202
488 228
703 453
720 347
727 866
448 559
435 401
529 314
213 569
601 198
436 272
699 360
413 252
439 440
867 792
142 143
304 76
116 144
625 191
133 219
569 651
255 257
17 47
797 680
667 877
487 534
619 561
894 878
169 652
630 552
13 649
398 368
855 815
759 797
597 443
802 529
480 418
414 274
554 348
448 882
332 538
215 104
308 863
881 565
426 62
80 72
429 187
166 97
860 891
420 365
457 715
787 56
787 821
622 330
857 402
41 94
389 115
54 30
867 640
703 235
498 707
747 736
86 884
171 733
73 152
404 429
605 275
227 404
361 131
332 524
448 894
659 129
374 226
507 369
894 880
341 452
275 280
356 157
262 661
124 600
665 721
771 248
494 682
858 852
299 264
784 230
569 754
722 531
341 389
559 479
522 11
296 45
747 318
727 820
359 176
68 409
292 483
465 467
62 870
35 285
599 358
52 201
379 74
263 48
2 188
568 617
656 277
452 113
678 259
354 147
234 166
492 377
814 626
563 665
775 221
424 329
846 425
818 507
113 291
813 227
588 124
456 251
530 512
657 687
715 317
383 518
61 494
697 289
298 836
13 664
770 492
306 782
457 719
112 768
710 473
644 769
594 7
127 183
9 816
350 71
377 659
188 646
872 618
262 662
456 432
581 828
667 597
615 158
473 549
808 527
659 674
62 854
18 119
415 576
350 602
614 499
702 38
81 130
689 752
870 491
239 628
647 462
782 0
68 382
400 192
495 199
382 743
289 622
794 138
341 476
668 79
712 96
641 39
584 435
652 553
169 740
790 36
775 673
492 287
853 300
205 456
758 271
86 370
590 593
553 398
18 766
487 290
480 634
400 656
112 542
631 588
846 844
136 776
887 24
813 301
737 312
856 477
110 2
32 273
382 717
161 29
496 744
799 396
374 555
798 17
588 326
727 835
693 292
625 770
257 233
706 455
27 217
289 557
605 8
96 571
182 61
292 108
271 279
80 323
415 818
204 699
502 270
787 376
42 847
881 845
500 209
874 819
157 134
211 224
793 366
632 21
288 40
293 60
722 400
114 25
414 403
471 5
181 657
314 15
772 450
237 639
112 513
722 80
102 66
108 892
760 445
505 742
86 872
171 397
667 395
524 543
702 833
120 448
529 722
723 838
814 495
638 250
709 444
42 195
165 190
306 858
758 412
406 540
875 469
398 356
224 159
23 755
886 438
308 873
466 197
702 875
108 234
262 785
24 91
820 87
839 293
887 468
695 95
133 239
282 116
791 6
474 232
488 171
842 90
179 184
66 635
772 746
855 817
7 236
282 686
496 765
328 417
413 160
27 705
229 654
589 282
90 258
436 150
766 341
53 114
448 237
304 604
38 12
588 532
705 598
422 249
656 121
120 82
108 830
727 751
762 22
755 516
457 709
534 103
171 484
839 773
400 415
42 307
0 337
833 125
10 466
57 207
876 788
458 771
169 117
111 162
870 606
754 212
677 137
356 49
353 644
135 238
832 44
563 70
597 551
98 520
554 790
279 168
475 361
876 727
291 554
111 123
692 372
397 422
890 764
625 548
27 712
10 485
5 482
832 436
584 185
189 332
688 109
542 164
548 269
13 276
613 205
520 758
537 333
384 625
422 390
650 781
625 812
597 761
818 684
170 459
678 501
149 211
832 568
522 169
893 222
578 399
19 564
664 77
607 498
789 414
399 611
876 853
98 431
890 98
324 601
740 127
860 500
518 305
496 643
17 112
108 888
820 120
591 256
618 128
639 442
766 573
848 690
834 23
867 181
385 69
892 632
519 486
846 801
384 311
332 344
448 834
71 612
445 767
778 384
97 216
858 51
858 861
832 522
62 437
-1 896
836 364
722 539
458 586
632 313
230 671
304 470
67 550
11 577
563 734
100 780
478 388
111 151
848 610
113 42
323 623
454 203
617 685
463 208
78 374
378 410
237 509
132 3
213 294
258 278
189 730
801 245
896 439
435 18
11 718
136 681
43 489
284 688
52 386
563 523
416 392
702 441
892 757
331 585
65 683
226 595
816 84
606 132
498 535
98 464
642 616
853 713
170 460
285 798
113 149
112 850
138 126
373 338
727 748
261 624
356 309
494 558
285 756
361 631
262 447
4 254
204 605
713 31
188 619
170 706
58 563
6 352
25 83
506 359
722 581
289 777
597 633
874 796
154 315
846 454
812 426
215 648
352 480
2 295
223 599
262 107
839 827
215 650
616 336
404 75
606 596
395 696
887 413
42 526
719 472
463 406
267 243
855 517
669 541
458 298
674 180
624 284
611 32
625 860
27 544
534 627
727 813
159 68
792 405
154 255
136 775
727 805
66 63
504 140
25 163
113 297
553 694
540 64
331 658
684 692
262 839
300 231
887 488
611 148
799 241
770 710
108 822
689 537
382 19
164 367
789 288
151 89
166 666
665 346
320 65
592 423
120 504
592 475
80 842
779 533
723 41
892 702
832 772
659 92
585 266
694 546
818 737
872 609
788 449
554 803
808 362
635 10
454 105
127 101
112 832
178 14
384 530
137 27
787 421
125 519
797 514
597 206
894 575
498 670
183 800
328 490
796 135
169 747
834 225
324 178
501 716
644 592
496 749
689 505
196 708
429 242
775 704
465 493
585 204
814 416
724 34
632 320
702 867
434 621
324 672
332 515
136 302
100 840
346 804
292 353
204 697
488 193
191 378
288 430
714 194
99 324
823 496
13 693
792 407
18 778
250 99
257 789
719 200
418 408
778 570
816 214
836 363
189 799
213 701
689 774
605 268
241 139
692 590
727 614
282 890
548 106
77 837
413 155
795 393
108 791
802 319
892 340
589 723
694 244
424 885
830 173
727 843
5 223
131 808
842 46
236 54
439 698
415 779
256 20
523 345
674 642
518 375
360 745
789 73
103 306
429 411
65 726
134 59
198 142
703 58
258 508
166 783
554 580
455 110
62 728
782 735
748 584
406 567
743 655
523 328
263 122
244 807
429 100
518 608
727 886
491 465
291 141
237 637
331 669
80 679
84 186
513 536
191 547
485 750
383 521
782 525
62 795
339 427
788 118
886 371
471 133
120 506
894 478
212 391
70 691
448 848
734 354
689 265
659 806
894 887
176 229
118 111
395 387
309 16
738 102
619 86
581 677
434 594
842 9
787 481
584 511
514 53
796 349
112 879
229 88
86 889
230 146
22 267
678 471
782 786
866 613
610 729
189 562
655 179
131 582
891 299
229 732
353 700
822 296
35 620
441 433
667 876
166 814
838 663
282 342
222 304
15 174
35 316
246 579
670 13
186 81
867 741
894 883
568 615
563 829
541 246
124 321
261 714
559 647
837 4
741 868
350 566
747 261
112 793
183 794
353 154
134 286
755 695
245 156
4 831
881 857
456 560
513 373
373 35
846 753
349 502
336 145
246 451
360 676
549 802
627 55
291 660
814 1
591 334
559 667
730 240
759 57
282 215
240 165
442 33
136 851
117 136
412 247
65 510
183 583
248 383
310 738
727 461
455 355
498 213
62 823
750 182
104 175
441 638
701 379
18 720
657 855
511 37
178 645
495 339
285 281
256 260
484 331
582 263
770 846
23 636
196 419
874 603
478 394
72 50
563 810
65 841
258 589
534 424
88 458
533 43
818 380
734 357
77 874
4 678
625 762
827 28
463 343
27 85
678 503
877 724
428 350
108 881
241 487
839 545
62 864
100 653
108 893
257 463
310 381
202 78
498 528
35 572
306 784
9 849
662 731
707 210
644 760
760 170
100 689
741 630
306 871
674 675
42 865
310 725
52 262
51 283
892 703
625 859
368 153
199 351
484 26
229 335
669 629
858 809
377 420
290 218
229 824
239 574
6 759
160 327
448 895
296 52
422 497

432
29 256
410 136
84 310
145 20
104 197
58 290
296 176
196 1
91 77
331 405
187 418
61 148
239 360
431 417
398 391
200 423
232 34
376 340
300 425
371 105
41 24
260 89
385 246
416 286
182 397
190 327
349 152
11 309
335 392
422 63
68 262
248 352
295 407
222 220
171 285
271 267
225 182
211 250
259 355
253 225
66 421
341 82
5 426
51 282
116 101
75 258
311 160
118 300
328 283
427 183
329 181
149 316
278 284
406 377
236 98
50 112
303 139
161 70
105 383
334 394
374 373
30 91
357 410
198 58
77 212
226 371
63 416
369 47
21 25
207 19
28 29
417 120
317 361
415 74
337 313
82 78
426 239
119 199
169 280
191 191
355 341
284 311
173 180
286 322
238 353
257 71
292 59
407 22
247 132
99 13
252 291
353 138
94 412
59 411
31 116
184 205
285 100
360 158
8 241
243 357
33 123
73 54
35 415
270 307
72 166
424 149
168 273
382 6
142 188
14 52
340 15
363 200
140 303
402 95
98 321
194 384
419 16
74 39
135 335
179 126
7 108
404 276
70 396
310 133
150 9
379 359
155 346
418 60
78 190
81 202
308 223
100 179
256 270
121 85
293 320
162 124
219 192
197 57
146 17
391 356
264 215
87 150
263 41
165 324
114 249
178 308
166 157
266 214
57 185
301 72
268 83
60 81
32 64
372 264
423 53
234 380
241 107
230 88
413 154
430 265
338 306
400 163
93 21
290 43
390 130
231 151
421 131
13 404
26 113
359 161
383 0
244 318
102 208
39 135
147 293
237 209
316 125
276 201
405 365
115 281
160 390
370 429
320 26
361 260
275 292
346 351
15 90
151 97
49 319
3 2
297 177
159 271
212 194
120 23
128 431
95 420
101 211
273 302
193 198
227 61
188 110
138 49
409 79
85 342
342 261
186 275
62 337
395 233
86 118
24 69
131 217
228 372
6 248
339 187
411 305
79 354
305 195
265 178
175 129
323 253
210 28
389 332
291 193
428 62
254 65
1 50
158 86
330 388
2 338
309 222
36 27
47 368
283 127
387 370
56 44
123 162
25 334
12 349
27 80
43 11
333 141
132 339
235 45
80 170
127 344
46 207
218 227
133 414
126 379
83 218
17 245
377 358
108 430
52 301
326 424
344 140
401 93
220 348
189 117
144 387
177 350
20 115
19 35
348 213
269 247
312 347
314 175
134 403
130 228
22 238
113 254
141 398
172 56
366 68
214 382
185 174
246 84
53 32
258 134
192 296
37 114
181 242
106 399
122 272
143 142
425 46
67 263
110 159
69 37
299 189
89 18
202 317
350 55
343 255
183 36
322 153
163 196
364 8
315 268
40 235
125 40
294 386
76 186
209 229
397 75
356 128
262 236
103 102
392 312
358 294
375 381
42 219
267 121
45 266
393 297
307 203
384 3
153 325
154 92
298 172
279 366
324 428
109 106
139 279
325 362
233 376
170 257
274 269
414 94
136 173
208 422
224 232
352 375
-1 169
201 237
362 243
280 259
206 226
304 408
0 363
380 96
111 143
396 146
336 145
378 277
367 374
217 333
48 10
18 111
156 304
282 4
388 12
216 401
250 104
4 144
229 109
240 7
251 210
289 38
199 336
44 402
223 328
38 395
313 427
302 103
318 314
354 122
261 164
180 165
429 87
272 345
394 406
249 42
23 298
205 330
64 231
164 14
255 385
34 289
129 343
332 369
117 419
288 252
96 155
195 119
71 323
137 367
90 240
152 66
92 137
403 48
306 234
88 364
365 299
10 409
215 31
245 221
345 251
287 288
157 274
281 168
347 331
213 184
167 33
112 244
351 295
176 73
277 99
97 230
408 5
204 378
386 76
65 413
148 167
412 51
107 393
174 278
221 287
327 315
373 30
368 216
9 329
399 147
420 67
321 156
16 204
319 224
381 326
124 206
203 400
55 389
242 171

102
44 45
44 64
44 39
44 86
44 4
44 29
44 68
44 97
44 27
44 94
44 54
44 51
44 83
44 72
44 42
44 18
44 73
44 56
44 98
44 10
44 47
44 95
44 50
44 46
44 52
44 75
44 31
44 93
44 79
44 21
44 23
44 58
44 13
44 11
44 55
44 0
44 70
44 80
44 15
44 1
44 48
44 20
44 41
44 9
-1 53
44 19
44 38
44 40
44 35
44 5
44 43
44 33
44 30
44 69
44 87
44 100
44 63
44 84
44 61
44 91
44 17
44 60
44 22
44 101
44 25
44 99
44 36
44 77
44 14
44 6
44 65
44 57
44 59
44 32
44 96
44 3
44 92
44 8
44 71
44 66
44 28
44 26
44 74
44 24
44 76
44 37
44 2
44 12
44 81
44 7
44 85
44 90
44 88
44 49
44 62
44 89
44 34
44 67
44 78
44 16
44 44
44 82

366
39 43
219 91
362 140
71 117
309 321
310 215
182 178
6 57
319 189
256 170
116 41
48 207
23 17
260 182
212 355
127 153
263 172
207 211
167 156
71 165
276 306
112 241
255 121
68 222
337 234
182 132
76 314
172 167
53 90
184 296
308 164
235 128
105 294
51 201
55 245
365 292
246 220
200 209
255 309
40 48
230 212
248 38
340 36
314 27
237 345
160 257
23 105
110 328
65 251
221 190
1 110
308 265
355 130
71 141
314 180
108 191
154 86
360 147
132 270
318 162
264 68
148 109
241 329
68 318
285 342
355 169
286 247
74 217
112 106
344 281
54 248
275 97
131 80
19 35
112 305
121 163
333 55
148 274
51 286
349 208
337 359
5 238
286 152
218 51
12 64
9 4
314 354
112 198
71 186
49 101
216 2
129 111
346 12
359 21
286 135
49 184
233 237
348 56
189 154
48 174
221 214
71 125
20 263
181 157
249 233
217 271
197 72
219 155
71 317
112 115
181 95
20 275
116 258
347 143
90 278
312 250
71 7
216 224
270 179
336 46
256 252
342 358
56 232
352 192
130 103
314 327
20 297
275 236
43 74
106 149
201 39
199 203
70 235
256 94
299 293
48 142
255 49
161 168
112 261
68 67
259 81
185 76
171 107
192 332
258 44
132 349
357 361
77 337
323 161
361 23
197 285
326 223
237 316
294 346
311 350
70 73
356 108
180 8
17 239
364 98
261 30
9 291
32 196
258 277
23 315
21 300
4 62
201 183
41 89
173 279
177 272
249 244
233 303
114 54
92 14
307 10
128 122
342 290
22 199
326 50
130 206
33 331
259 259
73 311
86 330
291 205
204 13
166 150
127 42
326 334
249 246
131 119
337 200
258 37
249 82
285 96
286 338
217 84
251 352
333 187
293 253
217 240
95 266
132 134
63 59
162 295
266 326
224 71
154 357
244 177
275 343
318 195
63 127
40 340
95 19
337 18
51 79
314 124
94 324
86 6
67 5
216 75
350 347
210 219
230 24
180 146
333 249
243 139
104 204
48 339
180 264
286 308
276 256
116 83
89 218
201 273
227 216
352 123
314 158
0 104
126 25
21 210
70 282
342 9
201 129
100 194
71 20
172 181
308 288
112 112
336 93
314 166
68 312
174 0
61 269
127 302
217 268
19 26
10 11
74 118
47 22
121 267
130 228
92 193
252 40
184 225
285 66
247 102
204 364
180 47
106 29
51 63
302 242
84 185
288 299
-1 148
101 173
9 176
71 34
189 360
181 61
92 151
47 197
181 319
279 145
101 283
278 70
266 365
365 323
43 144
310 307
252 45
246 33
51 284
71 202
101 126
356 131
299 362
6 138
216 280
199 78
1 15
155 313
151 16
309 31
49 69
251 333
126 344
342 227
243 260
249 213
86 243
246 351
163 231
295 255
155 325
31 133
356 304
192 53
196 289
9 32
213 341
193 298
71 175
14 301
49 136
261 353
262 188
127 336
83 77
161 226
256 229
165 254
71 137
180 335
226 230
342 322
249 171
109 221
276 276
84 3
263 99
333 58
62 356
317 120
130 100
80 113
210 159
51 160
184 262
194 348
335 92
94 287
230 310
365 363
90 60
53 87
323 52
229 116
95 65
121 114
80 28
278 85
136 88
74 320
295 1

980
635 431
642 408
617 830
223 879
335 72
154 950
524 214
860 329
479 735
476 87
401 517
215 781
264 125
432 548
240 521
654 198
830 112
7 31
403 929
675 46
433 231
501 933
343 919
721 865
144 294
157 249
958 812
875 849
680 712
325 739
187 414
32 921
20 71
517 256
565 452
899 883
582 890
102 578
977 908
871 179
684 554
663 523
831 358
212 767
75 499
300 618
224 792
252 5
342 173
176 305
184 891
825 146
62 588
282 783
421 29
365 461
625 316
953 670
417 263
76 114
116 802
67 513
656 709
952 428
4 560
18 858
946 78
950 607
361 973
30 537
578 222
761 748
623 291
277 228
949 815
307 609
558 610
230 633
254 583
695 191
317 840
815 247
278 486
645 492
840 426
561 493
2 254
370 93
821 224
609 0
108 6
24 379
221 661
426 637
26 1
739 158
592 280
655 126
106 845
253 111
774 855
904 335
424 842
932 278
544 690
937 772
600 750
848 494
9 290
273 415
206 66
391 731
742 70
133 472
669 42
408 175
653 585
13 749
518 530
531 945
604 519
315 63
195 234
191 17
944 698
177 74
802 515
801 925
360 339
777 874
167 664
850 309
348 159
217 151
914 589
661 464
428 326
65 4
666 436
35 450
1 687
961 726
387 354
337 766
8 177
228 143
520 905
606 818
744 274
198 913
382 586
822 33
38 977
921 275
584 853
938 76
36 462
170 857
363 308
402 666
917 269
516 716
857 971
122 663
444 764
549 759
464 447
458 211
615 209
303 445
271 321
166 773
482 680
301 600
135 634
393 969
668 529
686 395
901 152
22 421
355 771
681 667
94 370
513 688
429 292
762 268
312 258
74 923
185 88
548 22
90 164
362 156
37 185
311 562
196 703
872 293
293 615
493 761
49 769
507 834
826 510
970 674
715 202
628 968
855 800
194 778
957 203
820 289
590 108
574 847
295 665
491 516
451 843
15 732
568 186
72 692
874 188
854 227
203 844
542 99
10 257
233 916
376 498
28 484
673 632
140 595
674 95
729 934
467 246
448 962
658 676
782 872
225 11
745 435
755 604
43 866
607 744
31 399
44 504
259 949
107 265
134 780
440 206
352 425
275 24
940 60
238 694
82 200
398 788
677 355
214 456
261 252
305 235
340 728
378 187
842 157
740 3
912 713
641 490
294 678
163 327
227 276
78 65
310 920
610 77
66 534
88 794
602 625
968 136
918 697
688 27
890 232
699 328
316 473
905 32
930 337
220 543
778 868
371 733
879 832
474 411
409 117
723 952
192 506
136 711
929 208
693 777
756 954
878 182
916 207
286 808
749 900
141 353
430 654
19 242
480 441
909 958
123 318
885 508
375 693
51 86
128 458
485 547
535 467
945 924
260 332
975 273
525 174
349 892
299 286
679 871
48 192
667 875
713 142
114 165
211 684
754 313
563 299
760 471
795 528
682 416
159 660
608 306
98 281
61 903
824 47
612 432
934 752
787 553
6 614
685 497
856 434
472 723
138 955
814 500
407 936
255 80
519 552
52 708
486 259
551 64
687 896
709 433
933 622
620 550
57 672
908 592
406 255
143 73
595 14
169 217
847 796
895 248
332 298
369 18
732 575
454 389
182 957
93 811
219 437
956 897
456 762
112 154
818 476
763 718
838 96
811 826
237 978
41 364
702 68
455 953
373 97
502 51
498 352
837 25
320 121
555 972
471 884
308 348
884 970
553 141
418 644
505 420
470 250
302 612
466 685
540 526
175 412
329 98
441 459
529 39
104 240
489 619
357 385
100 85
268 336
411 542
85 359
161 55
898 453
948 89
541 596
33 863
714 28
963 738
591 475
151 846
68 131
692 149
737 400
926 710
738 765
492 525
665 79
87 820
564 45
791 103
270 817
813 48
168 406
256 935
453 785
643 727
338 659
889 917
242 322
374 779
587 279
543 287
34 743
880 470
324 319
322 558
60 295
110 753
594 362
208 646
730 193
781 591
575 26
786 213
509 69
16 342
928 793
510 714
178 301
614 237
54 479
494 20
634 106
792 658
42 419
188 454
532 482
691 457
263 409
390 715
955 116
596 282
64 465
386 524
331 391
701 791
870 527
976 582
843 57
731 959
660 9
726 304
873 7
274 424
785 627
392 541
888 565
318 50
766 36
189 603
891 205
886 638
245 514
229 296
942 549
862 899
800 590
835 128
759 544
571 655
160 691
828 838
718 160
522 215
236 137
971 956
45 827
197 346
533 52
676 608
201 489
672 387
334 909
562 704
130 807
368 895
232 587
960 915
845 270
887 23
876 574
0 901
125 373
306 323
351 814
119 532
487 271
881 930
288 347
567 829
633 887
364 533
817 729
580 38
209 501
372 904
678 648
902 505
534 307
585 809
111 75
258 172
447 979
323 880
728 43
772 745
25 803
47 760
768 852
708 520
367 341
450 789
823 315
71 774
127 376
589 356
735 801
725 860
537 754
27 310
152 602
478 531
859 169
400 599
336 964
165 639
461 378
164 297
773 569
21 115
344 386
611 567
527 597
974 127
712 469
46 741
748 976
508 384
5 966
866 44
546 451
243 758
829 92
894 333
858 518
202 927
806 331
113 61
477 720
627 503
707 481
599 675
846 366
636 478
711 163
384 365
269 371
147 130
139 239
896 320
190 854
920 910
809 740
235 334
941 417
923 383
359 199
717 512
346 701
475 12
121 702
204 669
863 946
647 162
435 810
799 444
200 238
53 317
671 67
463 82
812 681
593 763
183 288
103 181
468 396
841 176
951 889
939 535
276 805
515 150
350 819
605 446
-1 197
115 878
309 153
438 90
132 226
966 941
131 967
199 747
218 551
120 344
339 135
827 180
512 605
697 439
397 360
12 862
572 2
394 974
832 219
101 148
285 167
962 62
490 338
297 642
499 35
89 468
775 118
222 223
231 724
869 110
807 881
716 538
632 40
171 566
839 579
81 806
603 545
431 963
514 850
11 105
819 786
790 138
626 787
947 350
496 540
816 260
473 944
327 556
14 502
283 13
249 751
979 140
423 196
446 190
539 178
769 737
459 939
251 768
383 682
767 81
266 375
366 485
757 641
124 171
652 368
834 204
422 404
622 285
58 839
861 56
771 253
576 59
910 824
99 564
583 19
146 795
210 212
330 705
413 873
497 216
747 975
97 756
616 427
900 804
657 559
50 233
70 303
290 363
906 511
637 823
462 902
213 932
931 124
601 636
913 184
694 539
465 119
796 695
559 581
639 139
579 742
395 620
345 330
279 662
437 821
690 650
244 947
91 643
865 856
683 161
436 864
150 894
965 460
162 100
377 594
389 907
247 725
640 833
234 630
805 267
750 145
469 784
17 129
581 123
495 58
326 886
597 799
449 422
193 325
972 398
333 388
55 631
272 262
746 835
638 707
724 440
425 53
836 621
651 611
967 942
573 867
149 101
794 696
457 859
719 722
853 940
552 598
734 888
893 782
174 734
943 134
964 584
77 918
770 948
39 487
703 314
84 418
239 491
780 477
867 300
488 931
439 686
624 107
536 122
808 717
148 668
511 813
292 266
481 243
118 225
314 120
833 828
347 84
566 83
126 561
434 168
503 677
226 746
80 593
298 367
629 54
29 488
784 324
613 495
267 349
788 183
649 836
56 381
379 104
388 652
903 926
241 721
810 443
922 410
925 770
248 623
410 841
868 816
959 189
415 251
59 869
356 555
554 522
40 730
644 311
523 230
443 21
753 797
405 345
864 885
741 372
793 133
155 377
287 394
63 877
924 626
304 536
969 568
689 831
484 343
751 236
521 837
704 573
619 649
83 606
586 616
156 719
919 390
764 102
313 113
73 700
452 640
630 647
804 937
664 201
96 906
662 912
257 455
550 507
145 195
186 683
706 509
648 449
722 397
803 679
328 194
412 861
296 755
556 374
696 557
783 94
733 264
978 312
404 277
659 546
538 898
180 241
892 876
798 442
109 463
265 798
915 402
86 30
911 109
181 571
776 651
705 474
142 340
358 943
380 961
736 822
381 34
621 382
758 671
158 357
416 580
545 629
246 10
153 244
851 132
117 496
710 15
631 673
173 601
727 429
528 914
289 229
427 221
205 448
797 893
385 8
460 790
216 775
698 170
577 413
79 965
69 911
547 928
319 653
752 393
445 656
23 210
399 401
954 245
670 403
700 851
530 572
618 635
414 369
569 302
973 144
291 147
92 736
882 706
354 480
207 392
852 218
907 570
396 41
500 577
789 166
172 220
3 757
105 776
419 960
936 563
779 613
353 380
927 283
849 922
280 407
883 870
321 361
598 825
281 624
341 261
504 938
765 405
720 37
557 483
743 848
95 49
526 423
646 657
442 617
262 155
420 466
129 284
897 951
483 699
570 438
877 430
506 882
588 272
284 628
935 351
844 645
250 576
560 91
137 16
650 689

695
246 311
214 568
158 678
329 125
0 214
525 3
276 319
56 575
668 673
315 7
31 223
333 451
552 356
331 648
339 275
395 331
56 550
240 680
198 207
60 72
22 52
20 355
167 487
326 333
127 538
7 462
254 489
17 479
237 642
123 346
25 296
257 383
520 300
333 235
415 78
399 22
374 102
599 307
655 477
402 615
542 370
251 107
45 173
185 637
133 290
425 306
99 130
519 654
300 624
476 527
388 251
38 564
283 23
376 683
395 186
58 197
15 605
333 368
140 438
506 264
461 431
326 478
659 523
251 377
379 325
598 588
244 310
297 598
16 453
348 51
449 50
462 649
83 633
24 181
210 402
118 202
334 279
409 53
334 585
254 628
417 455
98 31
611 326
47 276
616 557
534 76
585 505
203 384
679 590
462 124
595 81
239 239
523 105
635 686
430 28
136 118
355 321
15 150
127 516
338 95
650 419
333 619
208 441
506 485
179 338
27 511
253 679
525 90
636 518
609 171
301 73
7 655
562 134
74 75
186 45
30 515
139 61
133 6
247 351
531 583
79 607
261 492
43 199
591 576
590 488
689 263
261 4
339 182
334 89
603 668
188 445
241 452
145 493
38 666
265 536
430 636
253 587
495 508
635 109
181 254
224 558
133 418
420 312
77 322
582 155
585 74
101 552
617 228
296 561
493 694
123 407
55 382
335 157
634 436
27 394
464 501
390 542
77 653
56 291
130 58
564 482
506 529
6 473
56 270
432 225
300 10
340 454
2 573
173 551
119 123
473 284
478 185
310 647
425 313
379 689
33 626
628 260
340 474
686 88
250 144
120 194
408 634
569 168
153 621
324 632
524 681
92 423
254 359
38 148
109 687
638 580
371 464
254 267
76 5
157 599
117 126
409 660
655 320
190 620
585 604
36 318
271 657
338 381
445 670
474 480
529 98
603 617
269 475
638 635
26 114
300 253
249 281
38 136
366 187
144 623
245 308
613 658
443 463
535 288
184 244
251 533
131 662
671 339
426 229
300 406
548 669
587 435
413 330
492 403
564 40
427 396
445 374
536 645
366 530
209 215
395 116
348 676
675 659
650 121
655 241
120 560
36 69
83 548
436 457
523 450
224 357
254 625
521 544
253 162
178 176
587 644
570 285
117 9
7 352
288 372
178 566
163 442
573 361
581 245
245 610
296 410
197 528
348 458
117 103
516 611
66 282
296 67
319 399
318 461
167 277
604 237
655 108
689 35
256 70
365 137
45 161
51 221
281 360
58 629
313 650
190 272
41 651
281 465
278 255
344 18
560 665
400 376
460 379
-1 597
652 234
581 66
397 537
499 397
669 42
650 481
647 332
220 652
338 434
208 145
445 85
288 120
594 367
25 44
467 156
352 15
472 117
294 596
611 43
671 375
584 693
244 49
334 534
570 545
591 345
331 83
470 25
132 448
220 132
423 344
547 177
576 490
628 602
73 77
100 579
512 608
449 387
281 543
630 189
460 14
332 32
394 82
435 170
333 358
595 2
430 362
471 343
11 430
638 428
79 86
50 122
520 513
676 180
576 316
36 449
652 641
448 347
415 327
512 315
254 201
652 609
377 213
66 570
338 336
605 389
532 153
516 93
160 643
375 127
135 299
632 667
11 280
288 354
539 584
564 371
262 392
671 486
628 167
139 661
476 618
160 196
22 571
405 128
446 147
281 432
209 206
407 565
504 691
552 404
690 183
472 341
220 135
312 20
30 203
530 591
644 476
300 472
393 630
655 622
464 398
39 54
507 34
694 443
135 217
123 510
548 411
79 209
537 178
430 554
317 503
297 106
407 265
473 526
395 400
293 33
289 380
79 416
11 232
408 41
338 586
288 97
629 422
622 405
595 672
61 675
379 91
185 212
507 353
693 149
443 496
168 71
479 262
330 412
687 68
94 222
271 471
197 603
270 273
532 656
97 151
613 692
26 63
296 252
53 139
158 365
206 1
92 627
377 640
69 577
424 328
58 616
430 349
83 549
687 146
166 220
458 509
237 231
683 684
543 304
525 195
409 408
451 286
388 256
420 19
270 101
555 13
396 578
48 204
388 613
186 553
50 59
340 606
476 581
99 674
311 175
395 459
33 249
584 532
279 433
67 218
326 259
395 198
599 303
655 172
196 426
483 293
602 38
163 216
246 690
248 11
402 589
405 582
337 631
557 364
407 211
640 8
477 112
469 531
441 278
628 682
290 208
687 37
405 385
449 415
339 373
0 233
617 391
630 386
538 671
602 165
627 226
544 283
507 390
135 30
622 329
248 541
540 110
299 499
48 363
552 129
68 210
372 413
441 26
655 556
49 12
253 99
261 243
299 295
537 638
418 314
288 268
472 494
638 323
438 483
655 274
405 179
15 236
435 504
321 646
343 540
300 143
568 100
251 506
186 55
412 261
208 242
560 269
7 440
256 84
552 521
564 305
196 563
665 439
520 152
334 56
523 79
457 562
399 420
400 246
190 524
276 446
348 48
675 80
197 466
353 289
529 133
472 96
607 539
276 247
638 47
628 240
388 184
568 205
220 517
579 427
635 94
123 292
41 224
434 297
565 593
130 142
430 266
388 164
483 424
519 520
280 507
544 340
435 601
261 138
119 519
533 525
119 166
220 350
523 115
584 393
135 456
340 447
687 495
562 104
350 169
559 64
337 574
409 131
361 663
483 444
573 378
409 639
464 470
24 230
503 174
464 469
625 309
667 0
585 497
614 572
667 16
321 190
154 467
50 62
694 592
624 46
451 429
555 87
123 287
38 159
92 484
246 140
286 514
41 369
634 569
647 248
559 317
492 546
229 271
462 500
249 414
581 24
15 335
464 547
246 36
305 294
521 468
160 219
374 337
186 425
7 227
92 685
267 301
628 535
254 614
664 366
185 238
573 160
514 17
127 417
358 158
281 409
532 677
555 502
101 113
56 188
544 342
599 302
190 257
552 334
352 688
254 522
123 27
603 258
90 141
282 298
483 65
87 460
154 21
584 567
43 193
182 39
382 600
464 324
208 421
313 395
33 200
495 491
31 119
548 401
264 92
612 154
210 388
274 191
684 559
368 111
247 664
602 555
123 612
56 57
433 60
667 498
167 163
79 512
26 437
542 348
181 594
414 192
585 595
667 29
395 250

760
376 225
376 468
376 126
376 99
376 279
376 420
376 134
376 263
376 467
376 84
376 195
376 269
376 474
376 515
376 32
376 369
376 316
376 363
376 400
376 377
376 673
376 635
376 102
376 576
376 399
376 712
376 572
376 88
376 325
376 617
376 346
376 347
376 168
376 512
376 737
376 209
376 260
376 445
376 65
376 581
376 481
376 115
376 219
376 422
376 285
376 612
376 86
376 67
376 695
376 259
376 52
376 561
376 214
376 98
376 6
376 620
376 496
376 543
376 396
376 164
376 137
376 642
376 216
376 564
376 119
376 179
376 248
376 236
376 455
376 192
376 264
376 300
376 47
376 333
376 654
376 378
376 741
376 40
376 546
376 297
376 438
376 328
376 658
376 751
376 487
376 651
376 208
376 234
376 318
376 189
376 12
376 679
376 709
376 530
376 402
376 148
376 595
376 9
376 502
376 28
376 20
376 708
376 722
376 611
376 601
376 26
376 163
376 266
376 353
376 293
376 305
376 580
376 50
376 459
376 671
376 728
376 736
376 727
376 479
376 182
376 10
376 247
376 579
376 106
376 356
376 330
376 380
376 362
376 554
376 114
376 3
376 749
376 472
376 105
376 145
376 239
376 567
376 287
376 48
376 535
376 93
376 274
376 685
376 492
376 441
376 456
376 16
376 187
376 471
376 270
376 76
376 667
376 71
376 499
376 610
376 342
376 365
376 143
376 389
376 545
376 417
376 729
376 755
376 371
376 414
376 483
376 614
376 112
376 599
376 311
376 416
376 190
376 449
376 56
376 358
376 506
376 360
376 141
376 246
376 77
376 566
376 271
376 35
376 298
376 128
376 386
376 170
376 516
376 578
376 306
376 364
376 650
376 123
376 694
376 504
376 446
376 407
376 507
376 754
376 480
376 518
376 196
376 677
376 90
376 439
376 473
376 443
376 622
376 623
376 503
376 335
376 62
376 574
376 664
376 308
376 314
376 398
376 571
376 42
376 183
376 243
376 520
376 606
376 591
376 312
376 586
376 323
376 616
376 517
376 252
376 180
376 4
376 569
376 604
376 355
376 656
376 17
376 319
376 537
376 469
376 649
376 354
376 723
376 457
376 382
376 245
376 715
376 500
376 33
376 536
376 191
376 435
376 22
376 557
376 146
376 756
376 625
376 628
376 693
376 211
376 560
376 357
376 558
376 584
376 229
376 552
376 240
376 237
376 212
376 124
376 681
376 452
376 477
376 140
376 598
376 609
376 173
376 534
376 461
376 103
376 665
376 224
376 373
376 488
376 388
376 7
376 397
376 659
376 155
376 395
376 261
376 636
376 118
376 63
376 758
376 339
376 213
376 95
376 215
376 232
376 176
376 197
376 171
376 331
376 254
376 309
376 39
376 231
376 688
376 634
376 735
376 739
376 121
376 666
376 120
376 284
376 406
376 409
376 307
376 69
376 415
376 555
376 652
376 752
376 372
376 687
376 742
376 519
376 157
376 110
376 632
376 493
376 324
376 289
376 639
376 83
376 577
376 486
376 661
376 21
376 529
376 222
376 630
376 547
376 663
376 138
376 70
376 329
376 97
376 526
376 61
376 268
376 218
376 621
376 626
376 497
376 522
376 548
376 657
376 585
376 280
376 410
376 391
376 750
376 645
376 375
376 250
376 338
376 227
376 542
376 350
376 464
376 60
376 116
376 627
376 434
-1 489
376 508
376 206
376 501
376 91
376 73
376 583
376 448
376 744
376 600
376 655
376 490
376 713
376 303
376 59
376 640
376 633
376 51
376 705
376 223
376 716
376 745
376 401
376 615
376 160
376 322
376 82
376 277
376 310
376 759
376 684
376 101
376 403
376 43
376 290
376 592
376 361
376 167
376 699
376 428
376 181
376 421
376 24
376 113
376 359
376 525
376 8
376 230
376 203
376 256
376 387
376 41
376 334
376 295
376 154
376 470
376 36
376 408
376 46
376 602
376 349
376 624
376 641
376 432
376 565
376 582
376 653
376 676
376 149
376 757
376 392
376 132
376 393
376 49
376 241
376 64
376 753
376 424
376 351
376 315
376 147
376 724
376 613
376 738
376 701
376 226
376 53
376 726
376 29
376 418
376 730
376 135
376 370
376 337
376 674
376 476
376 276
376 383
376 597
376 540
376 185
376 385
376 193
376 484
376 379
376 491
376 37
376 707
376 647
376 80
376 14
376 233
376 87
376 18
376 648
376 454
376 57
376 594
376 495
376 689
376 131
376 317
376 690
376 15
376 177
376 58
376 251
376 104
376 25
376 458
376 562
376 513
376 166
376 682
376 450
376 210
376 692
376 265
376 31
376 413
376 587
376 660
376 568
376 646
376 313
376 54
376 590
376 680
376 711
376 272
376 92
376 286
376 281
376 27
376 345
376 151
376 559
376 556
376 108
376 608
376 524
376 429
376 81
376 719
376 321
376 702
376 267
376 718
376 691
376 153
376 159
376 204
376 593
376 672
376 563
376 327
376 152
376 127
376 292
376 440
376 629
376 188
376 340
376 717
376 202
376 44
376 683
376 368
376 531
376 678
376 376
376 523
376 514
376 743
376 344
376 367
376 66
376 94
376 336
376 282
376 221
376 186
376 200
376 510
376 704
376 706
376 257
376 199
376 55
376 466
376 165
376 291
376 553
376 352
376 205
376 710
376 451
376 23
376 169
376 220
376 299
376 273
376 631
376 431
376 45
376 175
376 301
376 258
376 494
376 703
376 532
376 725
376 235
376 714
376 172
376 605
376 412
376 698
376 288
376 5
376 669
376 433
376 427
376 539
376 304
376 527
376 68
376 11
376 74
376 411
376 732
376 478
376 201
376 30
376 505
376 746
376 89
376 130
376 283
376 511
376 244
376 589
376 107
376 294
376 207
376 2
376 242
376 447
376 217
376 596
376 38
376 162
376 419
376 13
376 122
376 178
376 618
376 538
376 700
376 670
376 75
376 668
376 390
376 78
376 394
376 136
376 255
376 436
376 465
376 549
376 588
376 404
376 133
376 437
376 253
376 125
376 482
376 430
376 444
376 570
376 644
376 721
376 174
376 573
376 348
376 381
376 442
376 72
376 326
376 405
376 275
376 462
376 550
376 194
376 686
376 34
376 696
376 341
376 662
376 697
376 198
376 720
376 111
376 278
376 139
376 460
376 734
376 485
376 475
376 156
376 129
376 541
376 184
376 498
376 425
376 521
376 161
376 19
376 551
376 296
376 637
376 158
376 374
376 228
376 733
376 638
376 528
376 150
376 79
376 675
376 320
376 607
376 533
376 117
376 1
376 332
376 366
376 643
376 731
376 426
376 619
376 509
376 575
376 96
376 384
376 100
376 603
376 302
376 109
376 423
376 85
376 142
376 343
376 740
376 249
376 463
376 748
376 144
376 238
376 747
376 262
376 0
376 453
376 544

445
289 232
245 223
5 155
130 412
93 115
264 297
187 392
436 403
211 308
56 439
227 419
270 209
180 30
59 5
440 325
248 24
152 353
234 329
392 39
274 381
164 417
254 102
4 18
151 437
65 367
35 217
442 290
54 315
187 248
404 111
69 306
88 10
369 444
115 192
141 136
256 153
32 273
299 93
13 168
166 151
89 319
180 263
35 245
39 432
124 78
83 149
429 346
392 352
16 177
313 164
138 341
162 71
334 85
223 443
428 69
98 378
383 87
112 258
170 265
282 416
112 82
245 244
11 286
130 275
5 161
205 158
355 140
91 220
139 239
2 366
165 128
168 323
39 138
356 175
264 118
15 311
155 257
2 255
254 47
248 375
254 147
332 385
12 123
325 291
408 394
11 174
204 317
400 370
83 399
191 51
424 289
410 205
16 203
395 134
164 113
30 28
200 176
126 19
435 237
370 81
312 166
348 77
155 253
166 405
152 236
380 105
362 430
126 65
250 22
264 66
52 27
341 52
429 288
410 421
227 165
180 101
228 142
206 57
223 442
186 402
377 261
218 126
165 172
104 363
116 380
95 170
272 3
178 303
326 386
141 70
69 144
280 304
96 59
2 371
84 129
117 167
99 434
288 390
428 117
405 88
340 355
270 200
163 414
392 269
73 318
391 339
327 215
4 284
169 233
369 254
261 438
118 31
163 214
76 246
195 348
435 119
408 16
202 141
251 146
126 46
289 302
248 60
390 357
264 433
69 183
12 104
63 90
314 67
2 98
282 422
305 270
318 62
381 132
320 411
64 427
176 133
205 107
395 32
174 305
45 17
-1 207
151 398
163 124
52 213
277 410
189 33
254 282
156 344
332 75
16 401
71 198
345 157
250 333
70 415
138 216
282 150
230 72
2 278
175 426
418 322
142 159
141 316
288 54
120 376
182 137
163 360
377 86
240 156
321 388
211 89
227 55
302 391
436 285
439 108
228 191
128 169
11 262
389 296
4 268
429 196
124 372
19 0
334 211
180 309
64 210
301 384
36 374
30 299
163 181
333 45
46 314
289 429
282 91
408 280
287 1
156 131
408 324
155 362
420 76
270 15
228 171
401 106
93 25
75 243
405 328
387 162
283 63
176 231
277 222
244 332
312 26
394 21
79 122
184 74
5 347
356 395
405 349
199 143
41 180
46 154
155 99
140 219
45 420
289 8
180 342
325 396
274 326
38 221
186 114
199 440
377 73
191 287
351 227
200 400
53 389
248 292
180 279
69 264
280 373
426 320
95 230
409 250
2 35
222 234
232 130
306 190
215 337
47 407
169 298
10 424
313 61
387 247
254 393
359 182
69 441
130 206
275 330
171 431
437 406
170 179
53 36
203 300
223 266
265 139
352 7
12 199
268 185
377 34
392 112
112 310
146 379
5 29
12 79
135 96
329 387
242 428
381 12
71 14
387 48
379 121
286 356
115 276
82 338
50 95
239 436
163 37
264 109
252 197
126 235
195 4
64 116
64 274
254 145
256 327
390 178
305 41
222 187
23 160
169 218
136 173
302 2
228 293
249 208
66 382
64 195
264 260
220 238
8 125
154 294
391 68
384 418
341 272
395 343
152 152
381 277
227 202
282 358
224 283
85 50
13 135
35 188
383 383
304 229
205 92
46 345
47 241
117 228
442 404
116 84
142 148
228 225
302 377
15 350
215 94
251 40
119 13
311 423
5 194
266 301
182 38
148 224
227 281
409 120
228 127
312 313
276 193
390 435
381 397
103 340
232 361
82 242
282 53
12 212
49 365
63 58
227 56
363 307
425 64
382 186
307 204
283 11
115 408
50 100
212 110
95 97
312 334
112 335
372 9
30 295
282 201
391 368
29 103
316 184
422 80
240 259
194 189
377 240
244 83
182 251
42 369
79 252
435 359
12 413
60 364
5 163
16 321
15 226
171 312
326 425
142 267
241 331
390 6
139 43
223 23
329 354
152 271
152 409
126 49
98 336
280 20
77 249
275 351
338 42
59 256
224 44
